1868
2366
2274
2107
1819
1876
2085
1077
904
2074
2017
1188
1764
2072
1360
2390
1805
2700
1687
1548
2481
742
2420
2136
372
358
750
1513
2184
2362
5269
1868
679
910
238
717
476
726
792
1403
735
927
800
531
344
801
661
1129
1074
248
473
869
2468
782
676
2174
2166
2618
2705
455
636
4286
2366
679
370
441
708
521
377
1399
1690
532
918
1470
600
763
1087
1109
1121
392
707
1142
192
2820
104
246
2659
2724
2840
2775
960
38
3630
2274
910
370
695
545
442
197
1393
1546
277
753
1513
508
1080
995
1425
958
455
706
1254
400
2661
414
217
2533
2632
2677
2612
1276
384
3562
2107
238
441
695
761
476
520
1031
1559
675
994
1041
575
385
956
730
1173
835
426
713
631
2725
543
438
2420
2405
2759
2827
581
397
3990
1819
717
708
545
761
302
346
936
1015
283
208
1108
184
1065
532
1382
409
985
472
935
797
2132
768
467
2016
2105
2146
2062
1176
701
3947
1876
476
521
442
476
302
253
958
1200
261
506
1079
116
803
597
1141
714
841
274
820
636
2385
576
292
2184
2234
2407
2368
935
517
3955
2085
726
377
197
520
346
253
1208
1347
171
553
1328
319
904
806
1254
760
639
521
1070
466
2462
437
136
2345
2437
2478
2413
1101
370
3734
1077
792
1399
1393
1031
936
958
1208
887
1218
1149
241
913
1049
554
1367
999
1755
667
525
1589
1725
1501
1246
1434
1375
1827
2208
1161
1362
4748
904
1403
1690
1546
1559
1015
1200
1347
887
1284
1105
1127
1088
1751
603
2069
924
1987
1162
1409
1799
1266
1744
1460
1016
1092
1271
1329
1862
1686
4685
2074
735
532
277
675
283
261
171
1218
1284
490
1338
318
1060
795
1401
697
707
535
1079
622
2398
592
292
2284
2373
2415
2350
1194
526
3750
2017
927
918
753
994
208
506
553
1149
1105
490
1390
393
1273
626
1594
280
1192
680
1135
998
2229
968
669
2114
2181
2236
1939
1384
906
3840
1188
800
1470
1513
1041
1108
1079
1328
241
1127
1338
1390
1033
884
795
1201
1240
1835
859
360
1660
1921
1572
1366
1547
1487
1938
2444
945
1433
4848
1764
531
600
508
575
184
116
319
913
1088
318
393
1033
879
485
1196
596
950
288
826
715
2275
655
370
2068
2122
2290
2249
990
596
3989
2072
344
763
1080
385
1065
803
904
1049
1751
1060
1273
884
879
1148
345
1477
1142
594
556
953
2792
866
822
2416
2370
2822
3052
196
720
4261
1360
801
1087
995
956
532
597
806
554
603
795
626
795
485
1148
1466
441
1434
558
932
1202
1803
1141
857
1622
1695
1814
1872
1259
1083
4343
2390
661
1109
1425
730
1382
1141
1250
1367
2069
1401
1594
1201
1196
345
1466
1794
1492
915
874
1299
3113
1211
1167
2731
2688
3140
3370
274
1065
4427
1805
1129
1121
958
1173
409
714
760
999
924
697
280
1240
596
1477
441
1794
1392
870
1337
1211
2042
1181
881
1926
2014
2055
1654
1588
1115
4011
2700
1074
392
455
835
985
841
639
1755
1987
707
1192
1835
950
1142
1434
1492
1392
1090
1510
204
3111
295
572
3004
3062
3117
3051
1367
432
3291
1687
248
707
706
426
472
274
521
667
1162
535
680
859
288
594
558
915
870
1090
534
890
2300
809
560
2004
2028
2311
2405
705
676
4185
1548
473
1142
1254
713
935
820
1070
525
1409
1079
1135
360
826
556
932
874
1337
1510
534
1332
2268
1245
1108
1893
1846
2298
2731
668
1106
4626
2481
869
192
400
631
797
636
466
1589
1799
622
998
1660
715
953
1202
1299
1211
204
890
1332
2908
91
367
2801
2839
2929
2864
1150
228
3461
742
2468
2820
2661
2725
2132
2385
2462
1725
1266
2398
2229
1921
2275
2792
1803
3113
2042
3111
2300
2268
2908
2877
2578
371
492
12
804
2902
2815
5347
2420
782
104
414
543
768
576
437
1501
1744
592
968
1572
655
866
1141
1211
1181
295
809
1245
91
2877
306
2713
2779
2900
2835
1062
140
3541
2136
676
246
217
438
467
292
136
1246
1460
292
669
1366
370
822
857
1167
881
572
560
1108
367
2578
306
2426
2494
2599
2534
1019
240
3714
372
2174
2659
2533
2420
2016
2184
2345
1434
1016
2284
2114
1547
2068
2416
1622
2731
1926
3004
2004
1893
2801
371
2713
2426
121
381
1135
2526
2657
5440
358
2166
2724
2632
2405
2105
2234
2437
1375
1092
2373
2181
1487
2122
2370
1695
2688
2014
3062
2028
1846
2839
492
2779
2494
121
508
1271
2481
2720
5481
750
2618
2840
2677
2759
2146
2407
2478
1827
1271
2415
2236
1938
2290
2822
1814
3140
2055
3117
2311
2298
2929
12
2900
2599
381
508
816
2933
2834
5353
1513
2705
2775
2612
2827
2062
2368
2413
2208
1329
2350
1939
2449
2249
3052
1872
3370
1654
3051
2405
2731
2864
804
2835
2534
1135
1271
816
3164
2769
4784
2184
455
960
1276
581
1176
935
1101
1161
1862
1194
1384
995
990
196
1259
274
1588
1367
705
668
1150
2902
1062
1019
2526
2481
2933
3164
916
4413
2362
636
38
384
397
701
517
370
1362
1686
526
906
1433
596
720
1083
1065
1115
432
676
1106
228
2815
140
240
2657
2720
2834
2769
916
3665
5269
4286
3630
3562
3990
3947
3955
3734
4748
4685
3750
3840
4848
3989
4261
4343
4427
4011
3291
4185
4626
3461
5347
3541
3714
5440
5481
5353
4784
4413
3665